var X = [
-0.04093509,0.08902737,-0.04673872,0.81290334,0.33560085,-0.10171456,0.00504069,0.01295291,-0.06297208,0.59918465,0.49750966,0.04453132,0.00895240,0.00263847,-0.08176661,0.16397671,0.64196996,0.02567524];
var z = [
0.00000000,0.00000000,0.00000000,0.00000000,0.00000000,0.00000000,0.08577475,-0.25815145,-0.18377631,0.23950195,0.62323273,-0.65152391,-0.07279154,0.76031951,-0.55000097,-0.29281906,0.79850607,-0.38041764,-0.47771208,0.78320405,-0.18270260,-0.62917816,0.71326943,0.02766476,-0.66871921,0.65951302,-0.23426843,-0.17976049,0.27317924,-0.08803856,0.00000000,0.00000000,0.00000000,0.00000000,0.00000000,0.00000000];
var X = [
-0.00988217,0.01799953,-0.02852095,0.01574088,-0.01453686,0.01547711,-0.00013198,-0.00544225,-0.00652099,0.00076270,-0.00029287,-0.00004612,0.00008631,-0.00690547,-0.00185964,0.00088917,-0.00005881,-0.00011623];
var z = [
0.00000000,0.00000000,0.00000000,0.00000000,0.00000000,0.00000000,-0.00130946,-0.01259903,-0.04066743,0.05299882,0.03041674,0.00994631,-0.00654671,-0.00199867,0.00607531,0.00810818,0.00054626,-0.00762338,-0.00697481,0.00174987,0.00845652,0.00538315,-0.00389659,-0.00865582,-0.00427677,0.00237795,0.00576448,0.00442324,0.00098498,-0.00056305,0.00000000,0.00000000,0.00000000,0.00000000,0.00000000,0.00000000];
var X = [
0.00330001,-0.00664854,0.00635189,-0.00560501,0.00552348,-0.00635189,-0.00005881,0.00011623,-0.00007224,-0.00000539,0.00004612,-0.00004612,0.00000000,0.00000000,0.00000000,0.00000000,0.00000000,0.00000000];
var z = [
0.00000000,0.00000000,0.00000000,0.00000000,0.00000000,0.00000000,0.00061227,0.00284582,0.01381227,-0.01800050,-0.00687042,-0.00465063,-0.00084123,-0.00063324,-0.00003481,-0.00002228,0.00001353,0.00001046,0.00000423,0.00000202,-0.00000010,-0.00000007,0.00000083,0.00000056,0.00000000,0.00000000,0.00000000,0.00000000,0.00000000,0.00000000,0.00000000,0.00000000,0.00000000,0.00000000,0.00000000,0.00000000];
var X = [
-0.00152677,0.00315770,-0.00315770,0.00294722,-0.00301698,0.00351637,0.00002334,-0.00004612,0.00003425,0.00000000,-0.00002334,0.00002334,0.00000000,0.00000000,0.00000000,0.00000000,0.00000000,0.00000000];
var z = [
0.00000000,0.00000000,0.00000000,0.00000000,0.00000000,0.00000000,-0.00028034,-0.00120299,-0.00726970,0.00947405,0.00290426,0.00212941,0.00032320,0.00029752,0.00000041,0.00000430,0.00000019,-0.00000057,0.00000510,-0.00000319,-0.00000145,-0.00000111,-0.00000132,0.00000067,0.00000000,0.00000000,0.00000000,0.00000000,0.00000000,0.00000000,0.00000000,0.00000000,0.00000000,0.00000000,0.00000000,0.00000000];
var X = [
0.00088917,-0.00185964,0.00192188,-0.00185964,0.00192188,-0.00224057,-0.00001359,0.00002334,-0.00001359,0.00000000,0.00001359,-0.00002334,0.00000000,0.00000000,0.00000000,0.00000000,0.00000000,0.00000000];
var z = [
0.00000000,0.00000000,0.00000000,0.00000000,0.00000000,0.00000000,0.00015753,0.00066590,0.00454745,-0.00592635,-0.00160763,-0.00119655,-0.00016651,-0.00018633,0.00001083,-0.00001276,-0.00000563,-0.00000704,0.00000780,0.00000189,0.00000042,0.00000032,0.00000078,0.00000102,0.00000000,0.00000000,0.00000000,0.00000000,0.00000000,0.00000000,0.00000000,0.00000000,0.00000000,0.00000000,0.00000000,0.00000000];
var X = [
-0.00057103,0.00123911,-0.00132382,0.00126719,-0.00132382,0.00155634,0.00000539,-0.00001359,0.00001359,0.00000000,-0.00000539,0.00001359,0.00000000,0.00000000,0.00000000,0.00000000,0.00000000,0.00000000];
var z = [
0.00000000,0.00000000,0.00000000,0.00000000,0.00000000,0.00000000,-0.00010330,-0.00043122,-0.00312053,0.00406676,0.00104106,0.00078463,0.00005594,0.00009917,0.00000028,0.00000561,-0.00000417,0.00000197,0.00000069,0.00000520,-0.00000261,-0.00000200,0.00000215,0.00000009,0.00000000,0.00000000,0.00000000,0.00000000,0.00000000,0.00000000,0.00000000,0.00000000,0.00000000,0.00000000,0.00000000,0.00000000];
var X = [
0.00039436,-0.00088917,0.00096732,-0.00094108,0.00096732,-0.00112839,-0.00000539,0.00001359,-0.00000539,0.00000000,0.00000539,-0.00000539,0.00000000,0.00000000,0.00000000,0.00000000,0.00000000,0.00000000];
var z = [
0.00000000,0.00000000,0.00000000,0.00000000,0.00000000,0.00000000,0.00006882,0.00031133,0.00227654,-0.00296685,-0.00075162,-0.00052278,-0.00002520,-0.00006701,0.00001105,0.00000706,0.00000111,0.00000973,0.00000240,0.00000057,-0.00000342,-0.00000262,0.00000023,0.00000031,0.00000000,0.00000000,0.00000000,0.00000000,0.00000000,0.00000000,0.00000000,0.00000000,0.00000000,0.00000000,0.00000000,0.00000000];
var X = [
-0.00029287,0.00066513,-0.00073799,0.00071350,-0.00073799,0.00083800,0.00000539,-0.00000539,0.00000539,0.00000000,-0.00000539,0.00000539,0.00000000,0.00000000,0.00000000,0.00000000,0.00000000,0.00000000];
var z = [
0.00000000,0.00000000,0.00000000,0.00000000,0.00000000,0.00000000,-0.00004849,-0.00023911,-0.00171717,0.00223785,0.00057726,0.00036831,0.00002053,0.00003655,-0.00000259,0.00000342,-0.00000550,-0.00000269,0.00000069,-0.00000349,-0.00000262,-0.00000201,-0.00000145,0.00000009,0.00000000,0.00000000,0.00000000,0.00000000,0.00000000,0.00000000,0.00000000,0.00000000,0.00000000,0.00000000,0.00000000,0.00000000];
var X = [
0.00023581,-0.00050288,0.00057103,-0.00057103,0.00057103,-0.00066513,0.00000000,0.00000539,-0.00000539,0.00000000,0.00000000,-0.00000539,0.00000000,0.00000000,0.00000000,0.00000000,0.00000000,0.00000000];
var z = [
0.00000000,0.00000000,0.00000000,0.00000000,0.00000000,0.00000000,0.00003611,0.00017906,0.00134589,-0.00175400,-0.00043228,-0.00027427,-0.00001050,-0.00006249,-0.00000503,-0.00000385,-0.00000970,-0.00000138,-0.00000000,-0.00000573,-0.00000000,-0.00000000,-0.00000238,-0.00000000,0.00000000,0.00000000,0.00000000,0.00000000,0.00000000,0.00000000,0.00000000,0.00000000,0.00000000,0.00000000,0.00000000,0.00000000];
var X = [
-0.00018203,0.00039436,-0.00045869,0.00045869,-0.00045869,0.00052536,0.00000000,0.00000000,0.00000539,0.00000000,0.00000000,0.00000539,0.00000000,0.00000000,0.00000000,0.00000000,0.00000000,0.00000000];
var z = [
0.00000000,0.00000000,0.00000000,0.00000000,0.00000000,0.00000000,-0.00002634,-0.00014252,-0.00107292,0.00139825,0.00034406,0.00020006,0.00000368,0.00004331,0.00000489,0.00000636,0.00000716,0.00000551,0.00000204,0.00000381,-0.00000396,-0.00000304,0.00000158,0.00000027,0.00000000,0.00000000,0.00000000,0.00000000,0.00000000,0.00000000,0.00000000,0.00000000,0.00000000,0.00000000,0.00000000,0.00000000];
var X = [
0.00013198,-0.00031256,0.00037347,-0.00037347,0.00037347,-0.00041553,0.00000000,0.00000000,0.00000000,0.00000000,0.00000000,0.00000000,0.00000000,0.00000000,0.00000000,0.00000000,0.00000000,0.00000000];
var z = [
0.00000000,0.00000000,0.00000000,0.00000000,0.00000000,0.00000000,0.00001786,0.00011496,0.00086291,-0.00112457,-0.00027753,-0.00013565,0.00000508,-0.00001703,0.00000023,0.00000018,-0.00000706,0.00000067,0.00000000,0.00000000,0.00000000,0.00000000,0.00000000,0.00000000,0.00000000,0.00000000,0.00000000,0.00000000,0.00000000,0.00000000,0.00000000,0.00000000,0.00000000,0.00000000,0.00000000,0.00000000];
var X = [
-0.00010099,0.00025449,-0.00031256,0.00031256,-0.00031256,0.00033256,0.00000000,0.00000000,0.00000000,0.00000000,0.00000000,0.00000539,0.00000000,0.00000000,0.00000000,0.00000000,0.00000000,0.00000000];
var z = [
0.00000000,0.00000000,0.00000000,0.00000000,0.00000000,0.00000000,-0.00001177,-0.00009770,-0.00071061,0.00092608,0.00023586,0.00008938,-0.00000579,0.00000519,-0.00000414,0.00000357,-0.00000324,0.00000355,-0.00000326,0.00000190,-0.00000056,-0.00000043,0.00000079,-0.00000043,0.00000000,0.00000000,0.00000000,0.00000000,0.00000000,0.00000000,0.00000000,0.00000000,0.00000000,0.00000000,0.00000000,0.00000000];
var X = [
0.00008631,-0.00021750,0.00025449,-0.00025449,0.00025449,-0.00025449,0.00000000,0.00000000,0.00000000,0.00000539,0.00000000,0.00000000,0.00000000,0.00000000,0.00000000,0.00000000,0.00000000,0.00000000];
var z = [
0.00000000,0.00000000,0.00000000,0.00000000,0.00000000,0.00000000,0.00000945,0.00008953,0.00057147,-0.00074475,-0.00021616,-0.00007185,-0.00001201,0.00000241,0.00000073,0.00000595,0.00000324,-0.00000698,0.00000070,0.00000460,-0.00000261,-0.00000200,0.00000190,0.00000009,0.00000000,0.00000000,0.00000000,0.00000000,0.00000000,0.00000000,0.00000000,0.00000000,0.00000000,0.00000000,0.00000000,0.00000000];
var X = [
-0.00007224,0.00016490,-0.00019957,0.00021750,-0.00019957,0.00019957,0.00000000,0.00000000,-0.00000539,0.00000000,0.00000000,0.00000000,0.00000000,0.00000539,0.00000000,0.00000000,0.00000000,0.00000000];
var z = [
0.00000000,0.00000000,0.00000000,0.00000000,0.00000000,0.00000000,-0.00000478,-0.00007151,-0.00045586,0.00059408,0.00017264,0.00003629,0.00001379,0.00001674,-0.00000557,-0.00000014,0.00001233,0.00000110,-0.00000596,-0.00000382,0.00000213,0.00000424,0.00000381,0.00000424,0.00000205,-0.00000191,-0.00000396,-0.00000304,-0.00000079,0.00000027,0.00000000,0.00000000,0.00000000,0.00000000,0.00000000,0.00000000];
var X = [
0.00005881,-0.00014821,0.00016490,-0.00018203,0.00016490,-0.00016490,0.00000000,0.00000000,0.00000000,0.00000539,0.00000000,0.00000000,0.00000000,0.00000000,0.00000000,0.00000000,0.00000000,-0.00000539];
var z = [
0.00000000,0.00000000,0.00000000,0.00000000,0.00000000,0.00000000,0.00000502,0.00006352,0.00038049,-0.00049587,-0.00015335,-0.00003812,-0.00001479,-0.00001322,0.00001089,0.00001375,-0.00000324,-0.00000734,0.00000125,0.00000269,0.00000064,-0.00000624,0.00000651,-0.00000415,0.00000325,-0.00000191,0.00000056,0.00000043,-0.00000079,0.00000042,0.00000000,0.00000000,0.00000000,0.00000000,0.00000000,0.00000000];
var X = [
-0.00004612,0.00011623,-0.00014821,0.00014821,-0.00013198,0.00013198,0.00000000,0.00000000,0.00000000,0.00000000,0.00000000,0.00000000,0.00000000,0.00000000,0.00000000,0.00000000,0.00000000,0.00000000];
var z = [
0.00000000,0.00000000,0.00000000,0.00000000,0.00000000,0.00000000,-0.00000305,-0.00005597,-0.00031114,0.00040548,0.00013512,0.00002318,-0.00000491,0.00000638,-0.00000082,-0.00000063,0.00000264,-0.00000065,0.00000000,0.00000000,0.00000000,0.00000000,0.00000000,0.00000000,0.00000000,0.00000000,0.00000000,0.00000000,0.00000000,0.00000000,0.00000000,0.00000000,0.00000000,0.00000000,0.00000000,0.00000000];
var X = [
0.00003425,-0.00008631,0.00011623,-0.00011623,0.00010099,-0.00008631,0.00000000,0.00000000,0.00000000,0.00000000,0.00000000,0.00000000,0.00000000,0.00000000,0.00000000,0.00000000,0.00000000,0.00000000];
var z = [
0.00000000,0.00000000,0.00000000,0.00000000,0.00000000,0.00000000,0.00000000,0.00004833,0.00023092,-0.00030094,-0.00011669,-0.00000001,-0.00000091,-0.00000116,-0.00000243,-0.00000187,-0.00000048,-0.00000012,0.00000000,0.00000000,0.00000000,0.00000000,0.00000000,0.00000000,0.00000000,0.00000000,0.00000000,0.00000000,0.00000000,0.00000000,0.00000000,0.00000000,0.00000000,0.00000000,0.00000000,0.00000000];
var X = [
-0.00002334,0.00007224,-0.00008631,0.00010099,-0.00008631,0.00007224,0.00000000,0.00000000,0.00000000,0.00000000,0.00000000,0.00000000,0.00000000,0.00000000,0.00000000,0.00000000,0.00000000,0.00000000];
var z = [
0.00000000,0.00000000,0.00000000,0.00000000,0.00000000,0.00000000,0.00000080,-0.00003609,-0.00019160,0.00024970,0.00008713,-0.00000611,0.00000944,0.00000192,-0.00001033,-0.00000792,0.00000079,0.00000124,0.00000000,0.00000000,0.00000000,0.00000000,0.00000000,0.00000000,0.00000000,0.00000000,0.00000000,0.00000000,0.00000000,0.00000000,0.00000000,0.00000000,0.00000000,0.00000000,0.00000000,0.00000000];
var X = [
0.00001359,-0.00005881,0.00007224,-0.00007224,0.00005881,-0.00004612,0.00000000,0.00000000,0.00000000,0.00000000,0.00000000,0.00000000,0.00000000,0.00000000,0.00000000,0.00000000,0.00000000,0.00000000];
var z = [
0.00000000,0.00000000,0.00000000,0.00000000,0.00000000,0.00000000,-0.00000057,0.00003398,0.00013735,-0.00017900,-0.00008203,0.00000432,0.00000260,0.00000696,0.00000875,0.00000672,0.00000288,0.00000034,0.00000000,0.00000000,0.00000000,0.00000000,0.00000000,0.00000000,0.00000000,0.00000000,0.00000000,0.00000000,0.00000000,0.00000000,0.00000000,0.00000000,0.00000000,0.00000000,0.00000000,0.00000000];
var X = [
-0.00001359,0.00003425,-0.00005881,0.00005881,-0.00004612,0.00002334,0.00000000,0.00000539,0.00000000,0.00000000,0.00000539,0.00000539,0.00000000,0.00000000,-0.00000539,0.00000000,-0.00000539,0.00000000];
var z = [
0.00000000,0.00000000,0.00000000,0.00000000,0.00000000,0.00000000,0.00000329,-0.00002851,-0.00009930,0.00012940,0.00006882,-0.00002497,0.00000015,-0.00000302,0.00000429,0.00000636,0.00000099,0.00001144,-0.00000580,0.00000348,-0.00001119,0.00000183,0.00000460,-0.00000356,-0.00000037,-0.00000652,0.00000503,0.00000386,-0.00000270,-0.00000005,0.00000000,0.00000000,0.00000000,0.00000000,0.00000000,0.00000000];
var X = [
0.00000539,-0.00002334,0.00004612,-0.00003425,0.00002334,0.00000000,0.00000000,0.00000000,0.00000000,0.00000000,-0.00000539,0.00000000,0.00000000,0.00000000,-0.00000539,0.00000539,0.00000000,0.00000000];
var z = [
0.00000000,0.00000000,0.00000000,0.00000000,0.00000000,0.00000000,-0.00000314,0.00002694,0.00005262,-0.00006858,-0.00006505,0.00002387,0.00000669,0.00001142,-0.00000975,-0.00000120,0.00000250,-0.00000121,0.00000572,-0.00000731,-0.00000297,0.00000726,0.00000460,-0.00000535,-0.00000461,0.00000269,0.00000079,0.00000060,0.00000111,-0.00000061,0.00000000,0.00000000,0.00000000,0.00000000,0.00000000,0.00000000];
var X = [
-0.00000539,0.00001359,-0.00003425,0.00003425,-0.00001359,-0.00001359,0.00000000,0.00000000,-0.00000539,0.00000539,0.00000000,0.00000000,0.00000000,-0.00000539,0.00000539,0.00000000,0.00000000,0.00000539];
var z = [
0.00000000,0.00000000,0.00000000,0.00000000,0.00000000,0.00000000,0.00000503,-0.00002554,-0.00003228,0.00004207,0.00006167,-0.00003824,0.00000159,-0.00000220,0.00000021,0.00000970,0.00000672,-0.00000590,-0.00000461,0.00000840,0.00000078,0.00000060,-0.00001269,-0.00000060,-0.00000001,0.00000572,-0.00000001,-0.00000001,0.00000237,-0.00000000,0.00000000,0.00000000,0.00000000,0.00000000,0.00000000,0.00000000];
var X = [
-0.00000539,0.00000000,0.00001359,-0.00001359,0.00000000,0.00002334,0.00000000,-0.00000539,0.00000000,0.00000000,0.00000000,0.00000000,-0.00000539,0.00000000,-0.00000539,0.00000000,0.00000539,-0.00001359];
var z = [
0.00000000,0.00000000,0.00000000,0.00000000,0.00000000,0.00000000,-0.00000484,0.00001425,-0.00000292,0.00000380,-0.00003442,0.00003674,0.00000240,0.00000795,0.00000108,-0.00000177,-0.00000210,-0.00000471,-0.00000126,-0.00000640,0.00001275,-0.00000845,0.00002082,-0.00000635,0.00000219,0.00000248,0.00000740,0.00000568,0.00000103,0.00000029,0.00000000,0.00000000,0.00000000,0.00000000,0.00000000,0.00000000];
var X = [
0.00000539,0.00000000,-0.00001359,0.00000539,0.00000539,-0.00003425,0.00000000,0.00000000,-0.00000539,0.00000539,0.00000000,-0.00000539,0.00002334,-0.00000539,0.00000000,-0.00000539,-0.00000539,0.00000000];
var z = [
0.00000000,0.00000000,0.00000000,0.00000000,0.00000000,0.00000000,0.00000463,-0.00001771,0.00001649,-0.00002149,0.00004276,-0.00003520,0.00000016,-0.00001693,0.00000225,0.00000453,0.00000601,-0.00001040,0.00000072,0.00000768,0.00000402,-0.00000246,-0.00001635,-0.00001594,-0.00001618,-0.00002723,-0.00001017,-0.00000780,-0.00001128,-0.00000213,0.00000000,0.00000000,0.00000000,0.00000000,0.00000000,0.00000000];
var X = [
-0.00000539,0.00001359,-0.00000539,0.00000000,-0.00002334,0.00007224,0.00000539,-0.00001359,0.00000000,0.00000539,-0.00001359,-0.00000539,-0.00000539,-0.00000539,-0.00000539,-0.00000539,-0.00000539,-0.00000539];
var z = [
0.00000000,0.00000000,0.00000000,0.00000000,0.00000000,0.00000000,-0.00000829,0.00002145,-0.00006233,0.00008123,-0.00005179,0.00006298,-0.00001413,0.00000838,-0.00000614,0.00000234,-0.00001036,-0.00003279,0.00000744,-0.00000984,0.00000944,0.00000383,-0.00000091,-0.00000244,0.00000437,-0.00000652,0.00001638,0.00001257,-0.00000270,0.00000057,0.00000000,0.00000000,0.00000000,0.00000000,0.00000000,0.00000000];
var X = [
0.00001359,-0.00001359,0.00000539,-0.00002334,0.00000000,0.00000000,0.00001359,-0.00001359,-0.00001359,0.00003425,0.00000000,0.00000000,0.00001359,0.00000000,-0.00000539,0.00000000,0.00000000,0.00000000];
var z = [
0.00000000,0.00000000,0.00000000,0.00000000,0.00000000,0.00000000,-0.00000039,0.00001212,0.00001751,-0.00002283,-0.00002926,0.00000299,-0.00000620,-0.00002785,-0.00001020,0.00002807,-0.00000297,-0.00005787,-0.00002361,0.00001771,-0.00000965,-0.00000549,0.00000710,-0.00001217,-0.00001600,-0.00001352,-0.00000730,-0.00000560,-0.00000560,-0.00000211,0.00000000,0.00000000,0.00000000,0.00000000,0.00000000,0.00000000];
var X = [
0.01049861,-0.00626776,-0.07993612,-0.20162641,0.63516553,0.00626776,0.11550641,0.08796911,0.02645484,-0.56619469,0.50592571,-0.01458870,-0.02267439,0.04309736,-0.01993791,-0.01156261,0.01305370,0.00403419];
var z = [
0.00000000,0.00000000,0.00000000,0.00000000,0.00000000,0.00000000,-0.05551616,-0.08578257,0.42349715,-0.55191224,0.20709743,0.42168707,-0.79979387,0.33609318,0.51582788,-0.77465056,0.14250878,0.65904041,-0.56857977,-0.20133915,-0.05936080,-0.02745370,-0.01438664,-0.00356776,-0.00129981,-0.00023351,-0.00000135,-0.00000104,-0.00009672,-0.00017112,0.00000000,0.00000000,0.00000000,0.00000000,0.00000000,0.00000000];
var X = [
0.00230575,-0.00548283,0.00277464,0.00104708,0.00003425,-0.00010099,0.02919763,0.01265168,0.01235224,-0.01412374,-0.02135219,-0.01093078,-0.00369926,0.00927520,-0.01078624,0.00760231,-0.00118343,-0.00422335];
var z = [
0.00000000,0.00000000,0.00000000,0.00000000,0.00000000,0.00000000,0.00094136,0.00306305,0.00206328,-0.00268892,-0.00739487,-0.00715039,-0.00004681,0.00733937,0.00531292,-0.00702114,-0.01251837,-0.00738292,0.01855532,-0.06924057,-0.03381816,-0.00888781,-0.00020451,0.00049872,0.00044315,0.00005039,0.00002528,0.00001940,0.00002087,0.00005834,0.00000000,0.00000000,0.00000000,0.00000000,0.00000000,0.00000000];
var X = [
0.00073799,0.00025449,-0.00025449,-0.00035287,-0.00018203,-0.00003425,0.00233851,-0.00872359,-0.00777910,0.00071350,0.00733904,0.00516035,-0.00013198,-0.00031256,0.00164591,-0.00237139,0.00129543,0.00027351];
var z = [
0.00000000,0.00000000,0.00000000,0.00000000,0.00000000,0.00000000,-0.00000074,-0.00000565,-0.00000624,0.00000814,0.00001365,0.00000561,-0.00003064,0.00004303,-0.00037389,-0.00029459,-0.00372018,-0.00434457,-0.02294113,0.00796296,0.00872485,0.00176469,0.00067539,0.00007649,-0.00005547,-0.00001663,0.00002061,0.00001582,-0.00000689,-0.00000731,0.00000000,0.00000000,0.00000000,0.00000000,0.00000000,0.00000000];
var X = [
-0.00045869,-0.00019957,0.00007224,0.00019957,0.00014821,0.00004612,-0.00418535,0.00330001,0.00504069,0.00179791,-0.00256385,-0.00253798,0.00039436,-0.00064127,-0.00011623,0.00102032,-0.00113655,0.00076338];
var z = [
0.00000000,0.00000000,0.00000000,0.00000000,0.00000000,0.00000000,0.00000003,-0.00000571,-0.00000406,0.00000529,0.00001377,-0.00000025,0.00002545,0.00001810,0.00030363,0.00025741,0.00222116,0.00149355,0.01383220,0.00316705,-0.00358161,0.00026457,-0.00018808,0.00011789,0.00004459,0.00001970,0.00000621,0.00000476,0.00000816,0.00000587,0.00000000,0.00000000,0.00000000,0.00000000,0.00000000,0.00000000];
var X = [
0.00025449,0.00013198,-0.00001359,-0.00010099,-0.00010099,-0.00004612,0.00376250,-0.00095627,-0.00314887,-0.00225788,0.00037149,0.00105878,-0.00039380,0.00079303,-0.00038135,-0.00040635,0.00091435,-0.00103985];
var z = [
0.00000000,0.00000000,0.00000000,0.00000000,0.00000000,0.00000000,0.00000129,-0.00000093,0.00000424,-0.00000553,0.00000224,-0.00000978,-0.00000866,-0.00003102,-0.00018898,-0.00017642,-0.00121887,-0.00036851,-0.00780001,-0.00613743,0.00157216,-0.00082432,0.00004556,-0.00016911,-0.00002674,-0.00001312,-0.00000516,-0.00000396,-0.00000544,-0.00000352,0.00000000,0.00000000,0.00000000,0.00000000,0.00000000,0.00000000];
var X = [
-0.00011623,-0.00007224,-0.00001359,0.00004612,0.00005881,0.00002334,-0.00292405,-0.00021009,0.00175409,0.00208338,0.00072404,-0.00016994,0.00032434,-0.00072147,0.00053931,0.00006104,-0.00066545,0.00101746];
var z = [
0.00000000,0.00000000,0.00000000,0.00000000,0.00000000,0.00000000,0.00000032,-0.00000341,-0.00000074,0.00000096,0.00000823,-0.00000244,0.00000279,0.00001275,0.00008059,0.00012348,0.00058511,-0.00010896,0.00369278,0.00646795,-0.00048266,0.00092194,0.00001618,0.00018201,0.00000460,0.00001273,0.00000143,0.00000110,0.00000527,0.00000060,0.00000000,0.00000000,0.00000000,0.00000000,0.00000000,0.00000000];
var X = [
0.00003425,0.00003425,0.00002334,-0.00000539,-0.00002334,-0.00001359,0.00202511,0.00078070,-0.00074657,-0.00164296,-0.00122056,-0.00035973,-0.00023516,0.00057467,-0.00053931,0.00012872,0.00043809,-0.00085008];
var z = [
0.00000000,0.00000000,0.00000000,0.00000000,0.00000000,0.00000000,0.00000007,0.00000055,0.00000107,-0.00000139,-0.00000134,-0.00000051,0.00000296,-0.00001368,-0.00002917,-0.00007723,-0.00014360,0.00027015,-0.00090403,-0.00565172,-0.00014905,-0.00082843,-0.00004477,-0.00014997,0.00000130,-0.00000989,-0.00000396,-0.00000304,-0.00000410,0.00000017,0.00000000,0.00000000,0.00000000,0.00000000,0.00000000,0.00000000];
var X = [
0.00001359,-0.00000539,-0.00002334,-0.00002334,-0.00000539,0.00000000,-0.00119106,-0.00100854,0.00002525,0.00113261,0.00135044,0.00064276,0.00014691,-0.00039895,0.00046804,-0.00022672,-0.00023516,0.00062481];
var z = [
0.00000000,0.00000000,0.00000000,0.00000000,0.00000000,0.00000000,-0.00000063,-0.00000015,0.00000192,-0.00000251,0.00000036,0.00000474,0.00000533,0.00001220,-0.00000492,0.00004958,-0.00014962,-0.00030147,-0.00092983,0.00434536,0.00051479,0.00064723,0.00005595,0.00011318,0.00000209,0.00000777,-0.00000155,-0.00000119,0.00000322,0.00000028,0.00000000,0.00000000,0.00000000,0.00000000,0.00000000,0.00000000];
var X = [
-0.00004612,-0.00001359,0.00002334,0.00003425,0.00002334,0.00000539,0.00048830,0.00099915,0.00045718,-0.00062601,-0.00123535,-0.00074867,-0.00006436,0.00022672,-0.00035134,0.00026966,0.00005881,-0.00037347];
var z = [
0.00000000,0.00000000,0.00000000,0.00000000,0.00000000,0.00000000,0.00000028,-0.00000023,0.00000147,-0.00000192,0.00000055,-0.00000216,0.00000259,-0.00000873,0.00004221,-0.00003979,0.00031378,0.00024188,0.00199094,-0.00285584,-0.00070914,-0.00042015,-0.00006867,-0.00007915,-0.00000229,-0.00000113,-0.00000385,-0.00000296,-0.00000047,-0.00000030,0.00000000,0.00000000,0.00000000,0.00000000,0.00000000,0.00000000];
var X = [
0.00005881,0.00002334,-0.00001359,-0.00003425,-0.00003425,-0.00000539,0.00007410,-0.00085315,-0.00073402,0.00017643,0.00099232,0.00070496,0.00000000,-0.00007224,0.00021750,-0.00025449,0.00007224,0.00014821];
var z = [
0.00000000,0.00000000,0.00000000,0.00000000,0.00000000,0.00000000,-0.00000007,0.00000367,-0.00000528,0.00000688,-0.00000887,0.00000056,0.00000095,0.00000738,-0.00004730,0.00000507,-0.00036760,-0.00016632,-0.00246198,0.00140721,0.00074106,0.00021352,0.00006945,0.00003817,-0.00000217,-0.00000073,0.00000167,0.00000128,-0.00000031,-0.00000029,0.00000000,0.00000000,0.00000000,0.00000000,0.00000000,0.00000000];
var X = [
-0.00005881,-0.00003425,0.00001359,0.00003425,0.00003425,0.00001359,-0.00047054,0.00063359,0.00083802,0.00018673,-0.00066191,-0.00059171,0.00004612,-0.00004612,-0.00010099,0.00021750,-0.00016490,0.00004612];
var z = [
0.00000000,0.00000000,0.00000000,0.00000000,0.00000000,0.00000000,0.00000054,0.00000307,0.00000286,-0.00000373,-0.00000742,-0.00000409,0.00000189,-0.00000586,0.00005468,0.00000006,0.00038294,0.00007421,0.00246437,-0.00014494,-0.00069836,-0.00002103,-0.00004860,-0.00000439,-0.00000171,0.00000243,0.00000132,0.00000101,0.00000100,-0.00000023,0.00000000,0.00000000,0.00000000,0.00000000,0.00000000,0.00000000];
var X = [
0.00005881,0.00003425,-0.00000539,-0.00003425,-0.00003425,-0.00001359,0.00071350,-0.00037347,-0.00081270,-0.00045869,0.00031256,0.00041553,-0.00007224,0.00013198,-0.00001359,-0.00014821,0.00021750,-0.00018203];
var z = [
0.00000000,0.00000000,0.00000000,0.00000000,0.00000000,0.00000000,-0.00000068,-0.00000019,0.00000017,-0.00000022,0.00000044,0.00000517,-0.00000586,-0.00001001,-0.00005060,-0.00001613,-0.00033651,0.00001796,-0.00213085,-0.00087869,0.00056988,-0.00010570,0.00002226,-0.00002847,-0.00001502,0.00000496,-0.00000697,-0.00000535,0.00000205,-0.00000198,0.00000000,0.00000000,0.00000000,0.00000000,0.00000000,0.00000000];
var X = [
-0.00004612,-0.00003425,0.00000000,0.00002334,0.00002334,0.00001359,-0.00081270,0.00011623,0.00066513,0.00059422,0.00000539,-0.00021750,0.00008631,-0.00018203,0.00010099,0.00008631,-0.00023581,0.00029287];
var z = [
0.00000000,0.00000000,0.00000000,0.00000000,0.00000000,0.00000000,0.00000091,0.00000332,-0.00000204,0.00000266,-0.00000802,-0.00000693,0.00000593,0.00000646,0.00004377,0.00002912,0.00025628,-0.00007050,0.00156007,0.00156078,-0.00039509,0.00024427,-0.00002707,0.00005309,0.00001271,0.00000232,0.00000153,0.00000117,0.00000096,0.00000167,0.00000000,0.00000000,0.00000000,0.00000000,0.00000000,0.00000000];
var X = [
0.00002334,0.00002334,0.00000539,-0.00001359,-0.00001359,-0.00000539,0.00078760,0.00011623,-0.00048066,-0.00064127,-0.00027351,0.00001359,-0.00008631,0.00019957,-0.00016490,-0.00001359,0.00021750,-0.00033256];
var z = [
0.00000000,0.00000000,0.00000000,0.00000000,0.00000000,0.00000000,-0.00000158,-0.00000086,0.00000058,-0.00000076,0.00000207,0.00001197,-0.00000425,-0.00000831,-0.00002258,-0.00002777,-0.00012530,0.00010745,-0.00089484,-0.00194826,0.00020431,-0.00028869,0.00001026,-0.00006911,-0.00001877,0.00000127,0.00000037,0.00000028,0.00000053,-0.00000247,0.00000000,0.00000000,0.00000000,0.00000000,0.00000000,0.00000000];
var X = [
-0.00000539,-0.00001359,-0.00000539,0.00000000,0.00000539,0.00000539,-0.00066513,-0.00029287,0.00023581,0.00059422,0.00048066,0.00014821,0.00008631,-0.00019957,0.00018203,-0.00004612,-0.00016490,0.00033256];
var z = [
0.00000000,0.00000000,0.00000000,0.00000000,0.00000000,0.00000000,0.00000047,0.00000322,0.00000051,-0.00000067,-0.00000778,-0.00000360,0.00000156,-0.00000150,0.00001205,0.00001616,0.00004323,-0.00012334,0.00018666,0.00202053,-0.00000925,0.00030429,-0.00000038,0.00005817,-0.00002033,-0.00000132,0.00000171,0.00000131,-0.00000055,-0.00000268,0.00000000,0.00000000,0.00000000,0.00000000,0.00000000,0.00000000];
var X = [
-0.00000539,0.00000000,0.00000539,0.00000539,0.00000539,0.00000000,0.00045869,0.00041553,-0.00001359,-0.00048066,-0.00057103,-0.00027351,-0.00005881,0.00016490,-0.00018203,0.00008631,0.00011623,-0.00027351];
var z = [
0.00000000,0.00000000,0.00000000,0.00000000,0.00000000,0.00000000,-0.00000010,-0.00000047,0.00000199,-0.00000260,0.00000113,0.00000071,-0.00001350,-0.00001153,0.00000725,-0.00001651,0.00007225,0.00014340,0.00042164,-0.00179526,-0.00014477,-0.00027303,-0.00001491,-0.00003898,-0.00000032,0.00000371,-0.00000870,-0.00000668,0.00000153,-0.00000004,0.00000000,0.00000000,0.00000000,0.00000000,0.00000000,0.00000000];
var X = [
0.00002334,0.00000539,-0.00000539,-0.00001359,-0.00001359,-0.00000539,-0.00023581,-0.00045869,-0.00018203,0.00031256,0.00059422,0.00035287,0.00003425,-0.00011623,0.00016490,-0.00011623,-0.00004612,0.00019957];
var z = [
0.00000000,0.00000000,0.00000000,0.00000000,0.00000000,0.00000000,0.00000077,0.00000167,0.00000076,-0.00000100,-0.00000405,-0.00000587,0.00000622,0.00000637,-0.00001675,0.00000593,-0.00015360,-0.00010661,-0.00090378,0.00139656,0.00026899,0.00020506,0.00001635,0.00003151,-0.00000220,0.00000212,0.00000392,0.00000300,0.00000088,-0.00000029,0.00000000,0.00000000,0.00000000,0.00000000,0.00000000,0.00000000];
var X = [
-0.00003425,-0.00001359,0.00000539,0.00002334,0.00001359,0.00000539,0.00000539,0.00043698,0.00033256,-0.00013198,-0.00054808,-0.00037347,-0.00000539,0.00005881,-0.00013198,0.00013198,-0.00001359,-0.00011623];
var z = [
0.00000000,0.00000000,0.00000000,0.00000000,0.00000000,0.00000000,0.00000060,-0.00000181,-0.00000445,0.00000579,0.00000437,-0.00000461,0.00000542,0.00000079,0.00002031,0.00000986,0.00019430,0.00006997,0.00122330,-0.00088071,-0.00032933,-0.00011960,-0.00000650,-0.00002842,-0.00000350,-0.00000291,-0.00000339,-0.00000260,-0.00000121,-0.00000046,0.00000000,0.00000000,0.00000000,0.00000000,0.00000000,0.00000000];
var X = [
0.00003425,0.00001359,-0.00000539,-0.00002334,-0.00001359,-0.00000539,0.00019957,-0.00037347,-0.00043698,-0.00004612,0.00041553,0.00035287,-0.00001359,0.00000539,0.00007224,-0.00011623,0.00007224,0.00001359];
var z = [
0.00000000,0.00000000,0.00000000,0.00000000,0.00000000,0.00000000,-0.00000061,0.00000180,0.00000443,-0.00000578,-0.00000435,0.00000463,-0.00000934,0.00000802,-0.00003365,0.00000747,-0.00021567,-0.00004042,-0.00135080,0.00028014,0.00036435,0.00004564,0.00002302,0.00000004,-0.00000568,0.00000248,-0.00000595,-0.00000456,0.00000102,-0.00000075,0.00000000,0.00000000,0.00000000,0.00000000,0.00000000,0.00000000];
var X = [
-0.00003425,-0.00001359,0.00000000,0.00002334,0.00001359,0.00001359,-0.00037347,0.00025449,0.00045869,0.00021750,-0.00025449,-0.00029287,0.00003425,-0.00005881,-0.00001359,0.00010099,-0.00011623,0.00007224];
var z = [
0.00000000,0.00000000,0.00000000,0.00000000,0.00000000,0.00000000,-0.00000015,-0.00000082,-0.00001139,0.00001485,0.00000197,0.00000114,0.00000714,-0.00001027,0.00002970,0.00000289,0.00022380,-0.00002229,0.00130063,0.00030461,-0.00032531,0.00005344,-0.00001177,0.00000555,0.00001330,-0.00000073,0.00000374,0.00000287,-0.00000030,0.00000175,0.00000000,0.00000000,0.00000000,0.00000000,0.00000000,0.00000000];
var X = [
0.00002334,0.00001359,0.00000000,-0.00001359,-0.00002334,-0.00000539,0.00045869,-0.00013198,-0.00043698,-0.00033256,0.00007224,0.00018203,-0.00005881,0.00010099,-0.00004612,-0.00007224,0.00013198,-0.00014821];
var z = [
0.00000000,0.00000000,0.00000000,0.00000000,0.00000000,0.00000000,0.00000018,0.00000211,-0.00000463,0.00000603,-0.00000510,-0.00000136,0.00000397,0.00000364,-0.00001749,-0.00000644,-0.00017334,0.00004448,-0.00107614,-0.00077898,0.00028407,-0.00009937,0.00002178,-0.00001293,-0.00000156,-0.00000323,0.00001142,0.00000876,-0.00000134,-0.00000020,0.00000000,0.00000000,0.00000000,0.00000000,0.00000000,0.00000000];
var X = [
-0.00001359,-0.00002334,0.00000539,0.00001359,0.00001359,0.00001359,-0.00050288,-0.00002334,0.00037347,0.00041553,0.00010099,-0.00007224,0.00005881,-0.00013198,0.00008631,0.00003425,-0.00014821,0.00019957];
var z = [
0.00000000,0.00000000,0.00000000,0.00000000,0.00000000,0.00000000,0.00000131,0.00000899,-0.00000077,0.00000101,-0.00002170,-0.00000998,0.00000093,0.00001523,0.00001588,0.00000475,0.00010400,-0.00009802,0.00076894,0.00115789,-0.00019923,0.00016381,-0.00000980,0.00002174,0.00000824,0.00000025,0.00000393,0.00000301,0.00000010,0.00000108,0.00000000,0.00000000,0.00000000,0.00000000,0.00000000,0.00000000];
var X = [
0.00000539,0.00000539,0.00000000,-0.00000539,-0.00000539,-0.00001359,0.00048066,0.00014821,-0.00023581,-0.00041553,-0.00025449,-0.00004612,-0.00005881,0.00013198,-0.00011623,0.00000539,0.00013198,-0.00021750];
var z = [
0.00000000,0.00000000,0.00000000,0.00000000,0.00000000,0.00000000,0.00000075,-0.00000435,0.00000694,-0.00000905,0.00001049,-0.00000574,-0.00000171,-0.00000411,-0.00000089,-0.00000413,-0.00004817,0.00009210,-0.00034846,-0.00132765,0.00006883,-0.00020476,-0.00000295,-0.00003057,-0.00000684,0.00000279,0.00000251,0.00000193,0.00000115,-0.00000090,0.00000000,0.00000000,0.00000000,0.00000000,0.00000000,0.00000000];
var X = [
0.00000000,0.00000539,0.00000000,0.00000539,-0.00000539,-0.00001359,-0.00039436,-0.00023581,0.00008631,0.00039436,0.00037347,0.00014821,0.00004612,-0.00013198,0.00013198,-0.00004612,-0.00010099,0.00021750];
var z = [
0.00000000,0.00000000,0.00000000,0.00000000,0.00000000,0.00000000,0.00000172,-0.00000672,0.00000130,-0.00000170,0.00001621,-0.00001309,0.00002854,-0.00001064,-0.00001781,0.00001591,0.00000665,-0.00009408,-0.00008108,0.00135678,0.00002702,0.00019152,0.00000051,0.00003659,-0.00000137,0.00000527,0.00000779,0.00000598,0.00000218,-0.00000018,0.00000000,0.00000000,0.00000000,0.00000000,0.00000000,0.00000000];
var X = [
-0.00000539,-0.00000539,0.00000000,0.00001359,-0.00000539,0.00001359,0.00025449,0.00031256,0.00004612,-0.00029287,-0.00043698,-0.00023581,-0.00003425,0.00010099,-0.00013198,0.00007224,0.00005881,-0.00018203];
var z = [
0.00000000,0.00000000,0.00000000,0.00000000,0.00000000,0.00000000,0.00000084,0.00000472,-0.00001698,0.00002212,-0.00001140,-0.00000640,-0.00000923,-0.00001512,0.00000435,-0.00000184,0.00008827,0.00007538,0.00048103,-0.00118871,-0.00012689,-0.00016547,-0.00000890,-0.00003409,0.00000086,-0.00000564,0.00000208,0.00000160,-0.00000234,0.00000011,0.00000000,0.00000000,0.00000000,0.00000000,0.00000000,0.00000000];
var X = [
0.00002334,-0.00000539,-0.00002334,-0.00000539,0.00000000,0.00000000,-0.00010099,-0.00033256,-0.00019957,0.00018203,0.00043698,0.00029287,0.00001359,-0.00005881,0.00011623,-0.00008631,-0.00001359,0.00013198];
var z = [
0.00000000,0.00000000,0.00000000,0.00000000,0.00000000,0.00000000,0.00000220,-0.00000214,-0.00000294,0.00000383,0.00000516,-0.00001674,-0.00003718,0.00001424,-0.00002054,0.00003274,-0.00012172,-0.00005805,-0.00081436,0.00089027,0.00021011,0.00013590,0.00001474,0.00003162,0.00000286,0.00001165,-0.00000860,-0.00000660,0.00000482,0.00000038,0.00000000,0.00000000,0.00000000,0.00000000,0.00000000,0.00000000];
var X = [
0.00000000,0.00000000,0.00000000,0.00000000,0.00000000,0.00000000,-0.00004612,0.00031256,0.00031256,-0.00005881,-0.00037347,-0.00027351,0.00000000,0.00000000,0.00000000,0.00000000,0.00000000,0.00000000];
var z = [
0.00000000,0.00000000,0.00000000,0.00000000,0.00000000,0.00000000,0.00000000,0.00000000,0.00000000,0.00000000,0.00000000,0.00000000,-0.00000732,-0.00004016,0.00002278,-0.00002969,0.00009694,0.00005557,0.00096164,-0.00042633,-0.00021944,-0.00016838,-0.00017659,0.00012660,0.00000000,0.00000000,0.00000000,0.00000000,0.00000000,0.00000000,0.00000000,0.00000000,0.00000000,0.00000000,0.00000000,0.00000000];
var X = [
0.00000000,0.00000000,0.00000000,0.00000000,0.00000000,0.00000000,0.00021750,0.00000000,0.00000000,0.00000000,0.00000000,0.00000000,0.00000000,0.00000000,0.00000000,0.00000000,0.00000000,0.00000000];
var z = [
0.00000000,0.00000000,0.00000000,0.00000000,0.00000000,0.00000000,0.00000000,0.00000000,0.00000000,0.00000000,0.00000000,0.00000000,0.00001728,0.00003185,0.00001728,-0.00002252,-0.00007690,-0.00013127,-0.00017108,-0.00018565,-0.00017108,-0.00013128,-0.00007690,-0.00002252,0.00000000,0.00000000,0.00000000,0.00000000,0.00000000,0.00000000,0.00000000,0.00000000,0.00000000,0.00000000,0.00000000,0.00000000];
